Title,URL handle,Description,Vendor,Product category,Type,Tags,Published on online store,Status,SKU,Barcode,Option1 name,Option1 value,Option1 Linked To,Option2 name,Option2 value,Option2 Linked To,Option3 name,Option3 value,Option3 Linked To,Price,Compare-at price,Cost per item,Charge tax,Tax code,Unit price total measure,Unit price total measure unit,Unit price base measure,Unit price base measure unit,Inventory tracker,Inventory quantity,Continue selling when out of stock,Weight value (grams),Weight unit for display,Requires shipping,Fulfillment service,Product image URL,Image position,Image alt text,Variant image URL,Gift card,SEO title,SEO description,Color (product.metafields.shopify.color-pattern),Google Shopping / Google product category,Google Shopping / Gender,Google Shopping / Age group,Google Shopping / Manufacturer part number (MPN),Google Shopping / Ad group name,Google Shopping / Ads labels,Google Shopping / Condition,Google Shopping / Custom product,Google Shopping / Custom label 0,Google Shopping / Custom label 1,Google Shopping / Custom label 2,Google Shopping / Custom label 3,Google Shopping / Custom label 4
Aurora Glass Candle - Sage Mist,aurora-glass-candle-sage-mist,Aurora Glass Candle - Sage Mist is a thoughtfully styled glass candle designed for modern homes. It pairs a refined palette with gift-ready presentation and everyday practicality.,Southern Aura Studio,Home & Garden > Decor,Glass Candle,"Aurora, Glass Candle, Sage Mist, Home Decor, Gift Idea",TRUE,Active,SA-001,8800000000001,Title,Default Title,,,,,,,,21.25,29.25,9.56,TRUE,,,,,,shopify,23,DENY,265,g,TRUE,manual,https://picsum.photos/seed/aurora-glass-candle-sage-mist/1200/1200,1,Aurora Glass Candle - Sage Mist product image,,FALSE,Aurora Glass Candle - Sage Mist | Southern Aura Studio,"Shop Aurora Glass Candle - Sage Mist, a beautifully designed glass candle with a soft, elevated aesthetic.",#DCE8DE; #91A88B; #F6EFE7,Home & Garden > Decor,,Adult,SA-001,Aurora Glass Candle,Sage Mist,New,FALSE,Generated Catalog,Glass Candle,,,
Aurora Glass Candle - Coastal Linen,aurora-glass-candle-coastal-linen,Aurora Glass Candle - Coastal Linen is a thoughtfully styled glass candle designed for modern homes. It pairs a refined palette with gift-ready presentation and everyday practicality.,Southern Aura Studio,Home & Garden > Decor,Glass Candle,"Aurora, Glass Candle, Coastal Linen, Home Decor, Gift Idea",TRUE,Active,SA-002,8800000000002,Title,Default Title,,,,,,,,24.50,32.50,11.03,TRUE,,,,,,shopify,26,DENY,310,g,TRUE,manual,https://picsum.photos/seed/aurora-glass-candle-coastal-linen/1200/1200,1,Aurora Glass Candle - Coastal Linen product image,,FALSE,Aurora Glass Candle - Coastal Linen | Southern Aura Studio,"Shop Aurora Glass Candle - Coastal Linen, a beautifully designed glass candle with a soft, elevated aesthetic.",#D9E8F5; #6F93B7; #F5F8FB,Home & Garden > Decor,,Adult,SA-002,Aurora Glass Candle,Coastal Linen,New,FALSE,Generated Catalog,Glass Candle,,,
Aurora Glass Candle - Amber Fig,aurora-glass-candle-amber-fig,Aurora Glass Candle - Amber Fig is a thoughtfully styled glass candle designed for modern homes. It pairs a refined palette with gift-ready presentation and everyday practicality.,Southern Aura Studio,Home & Garden > Decor,Glass Candle,"Aurora, Glass Candle, Amber Fig, Home Decor, Gift Idea",TRUE,Active,SA-003,8800000000003,Title,Default Title,,,,,,,,27.75,35.75,12.49,TRUE,,,,,,shopify,29,DENY,355,g,TRUE,manual,https://picsum.photos/seed/aurora-glass-candle-amber-fig/1200/1200,1,Aurora Glass Candle - Amber Fig product image,,FALSE,Aurora Glass Candle - Amber Fig | Southern Aura Studio,"Shop Aurora Glass Candle - Amber Fig, a beautifully designed glass candle with a soft, elevated aesthetic.",#E8D3B8; #A36B3F; #FBF5EE,Home & Garden > Decor,,Adult,SA-003,Aurora Glass Candle,Amber Fig,New,FALSE,Generated Catalog,Glass Candle,,,
Aurora Glass Candle - Rose Sandalwood,aurora-glass-candle-rose-sandalwood,Aurora Glass Candle - Rose Sandalwood is a thoughtfully styled glass candle designed for modern homes. It pairs a refined palette with gift-ready presentation and everyday practicality.,Southern Aura Studio,Home & Garden > Decor,Glass Candle,"Aurora, Glass Candle, Rose Sandalwood, Home Decor, Gift Idea",TRUE,Active,SA-004,8800000000004,Title,Default Title,,,,,,,,31.00,39.00,13.95,TRUE,,,,,,shopify,32,DENY,400,g,TRUE,manual,https://picsum.photos/seed/aurora-glass-candle-rose-sandalwood/1200/1200,1,Aurora Glass Candle - Rose Sandalwood product image,,FALSE,Aurora Glass Candle - Rose Sandalwood | Southern Aura Studio,"Shop Aurora Glass Candle - Rose Sandalwood, a beautifully designed glass candle with a soft, elevated aesthetic.",#F0D4DA; #B36A78; #FFF5F6,Home & Garden > Decor,,Adult,SA-004,Aurora Glass Candle,Rose Sandalwood,New,FALSE,Generated Catalog,Glass Candle,,,
Aurora Glass Candle - Midnight Plum,aurora-glass-candle-midnight-plum,Aurora Glass Candle - Midnight Plum is a thoughtfully styled glass candle designed for modern homes. It pairs a refined palette with gift-ready presentation and everyday practicality.,Southern Aura Studio,Home & Garden > Decor,Glass Candle,"Aurora, Glass Candle, Midnight Plum, Home Decor, Gift Idea",TRUE,Active,SA-005,8800000000005,Title,Default Title,,,,,,,,34.25,42.25,15.41,TRUE,,,,,,shopify,35,DENY,445,g,TRUE,manual,https://picsum.photos/seed/aurora-glass-candle-midnight-plum/1200/1200,1,Aurora Glass Candle - Midnight Plum product image,,FALSE,Aurora Glass Candle - Midnight Plum | Southern Aura Studio,"Shop Aurora Glass Candle - Midnight Plum, a beautifully designed glass candle with a soft, elevated aesthetic.",#D9D1E8; #5F4C7A; #F8F6FB,Home & Garden > Decor,,Adult,SA-005,Aurora Glass Candle,Midnight Plum,New,FALSE,Generated Catalog,Glass Candle,,,
Terra Ceramic Candle - Cedar Grove,terra-ceramic-candle-cedar-grove,Terra Ceramic Candle - Cedar Grove is a thoughtfully styled ceramic candle designed for modern homes. It pairs a refined palette with gift-ready presentation and everyday practicality.,Southern Aura Studio,Home & Garden > Decor,Ceramic Candle,"Terra, Ceramic Candle, Cedar Grove, Home Decor, Gift Idea",TRUE,Active,SA-006,8800000000006,Title,Default Title,,,,,,,,37.50,45.50,16.88,TRUE,,,,,,shopify,38,DENY,220,g,TRUE,manual,https://picsum.photos/seed/terra-ceramic-candle-cedar-grove/1200/1200,1,Terra Ceramic Candle - Cedar Grove product image,,FALSE,Terra Ceramic Candle - Cedar Grove | Southern Aura Studio,"Shop Terra Ceramic Candle - Cedar Grove, a beautifully designed ceramic candle with a soft, elevated aesthetic.",#E1D8CF; #8A7768; #F9F6F2,Home & Garden > Decor,,Adult,SA-006,Terra Ceramic Candle,Cedar Grove,New,FALSE,Generated Catalog,Ceramic Candle,,,
Terra Ceramic Candle - Vanilla Birch,terra-ceramic-candle-vanilla-birch,Terra Ceramic Candle - Vanilla Birch is a thoughtfully styled ceramic candle designed for modern homes. It pairs a refined palette with gift-ready presentation and everyday practicality.,Southern Aura Studio,Home & Garden > Decor,Ceramic Candle,"Terra, Ceramic Candle, Vanilla Birch, Home Decor, Gift Idea",TRUE,Active,SA-007,8800000000007,Title,Default Title,,,,,,,,18.00,26.00,8.10,TRUE,,,,,,shopify,41,DENY,265,g,TRUE,manual,https://picsum.photos/seed/terra-ceramic-candle-vanilla-birch/1200/1200,1,Terra Ceramic Candle - Vanilla Birch product image,,FALSE,Terra Ceramic Candle - Vanilla Birch | Southern Aura Studio,"Shop Terra Ceramic Candle - Vanilla Birch, a beautifully designed ceramic candle with a soft, elevated aesthetic.",#EEE2C8; #B69A65; #FCFAF4,Home & Garden > Decor,,Adult,SA-007,Terra Ceramic Candle,Vanilla Birch,New,FALSE,Generated Catalog,Ceramic Candle,,,
Terra Ceramic Candle - Citrus Bloom,terra-ceramic-candle-citrus-bloom,Terra Ceramic Candle - Citrus Bloom is a thoughtfully styled ceramic candle designed for modern homes. It pairs a refined palette with gift-ready presentation and everyday practicality.,Southern Aura Studio,Home & Garden > Decor,Ceramic Candle,"Terra, Ceramic Candle, Citrus Bloom, Home Decor, Gift Idea",TRUE,Active,SA-008,8800000000008,Title,Default Title,,,,,,,,21.25,29.25,9.56,TRUE,,,,,,shopify,44,DENY,310,g,TRUE,manual,https://picsum.photos/seed/terra-ceramic-candle-citrus-bloom/1200/1200,1,Terra Ceramic Candle - Citrus Bloom product image,,FALSE,Terra Ceramic Candle - Citrus Bloom | Southern Aura Studio,"Shop Terra Ceramic Candle - Citrus Bloom, a beautifully designed ceramic candle with a soft, elevated aesthetic.",#F9DE9C; #E39A24; #FFF9EC,Home & Garden > Decor,,Adult,SA-008,Terra Ceramic Candle,Citrus Bloom,New,FALSE,Generated Catalog,Ceramic Candle,,,
Terra Ceramic Candle - Lavender Smoke,terra-ceramic-candle-lavender-smoke,Terra Ceramic Candle - Lavender Smoke is a thoughtfully styled ceramic candle designed for modern homes. It pairs a refined palette with gift-ready presentation and everyday practicality.,Southern Aura Studio,Home & Garden > Decor,Ceramic Candle,"Terra, Ceramic Candle, Lavender Smoke, Home Decor, Gift Idea",TRUE,Active,SA-009,8800000000009,Title,Default Title,,,,,,,,24.50,32.50,11.03,TRUE,,,,,,shopify,47,DENY,355,g,TRUE,manual,https://picsum.photos/seed/terra-ceramic-candle-lavender-smoke/1200/1200,1,Terra Ceramic Candle - Lavender Smoke product image,,FALSE,Terra Ceramic Candle - Lavender Smoke | Southern Aura Studio,"Shop Terra Ceramic Candle - Lavender Smoke, a beautifully designed ceramic candle with a soft, elevated aesthetic.",#DDD8EE; #8779B3; #F9F8FD,Home & Garden > Decor,,Adult,SA-009,Terra Ceramic Candle,Lavender Smoke,New,FALSE,Generated Catalog,Ceramic Candle,,,
Terra Ceramic Candle - Wild Jasmine,terra-ceramic-candle-wild-jasmine,Terra Ceramic Candle - Wild Jasmine is a thoughtfully styled ceramic candle designed for modern homes. It pairs a refined palette with gift-ready presentation and everyday practicality.,Southern Aura Studio,Home & Garden > Decor,Ceramic Candle,"Terra, Ceramic Candle, Wild Jasmine, Home Decor, Gift Idea",TRUE,Active,SA-010,8800000000010,Title,Default Title,,,,,,,,27.75,35.75,12.49,TRUE,,,,,,shopify,50,DENY,400,g,TRUE,manual,https://picsum.photos/seed/terra-ceramic-candle-wild-jasmine/1200/1200,1,Terra Ceramic Candle - Wild Jasmine product image,,FALSE,Terra Ceramic Candle - Wild Jasmine | Southern Aura Studio,"Shop Terra Ceramic Candle - Wild Jasmine, a beautifully designed ceramic candle with a soft, elevated aesthetic.",#F1E9D7; #A5956D; #FFFCF4,Home & Garden > Decor,,Adult,SA-010,Terra Ceramic Candle,Wild Jasmine,New,FALSE,Generated Catalog,Ceramic Candle,,,
Solstice Reed Diffuser - Sea Salt Neroli,solstice-reed-diffuser-sea-salt-neroli,Solstice Reed Diffuser - Sea Salt Neroli is a thoughtfully styled reed diffuser designed for modern homes. It pairs a refined palette with gift-ready presentation and everyday practicality.,Southern Aura Studio,Home & Garden > Decor,Reed Diffuser,"Solstice, Reed Diffuser, Sea Salt Neroli, Home Decor, Gift Idea",TRUE,Active,SA-011,8800000000011,Title,Default Title,,,,,,,,31.00,39.00,13.95,TRUE,,,,,,shopify,20,DENY,445,g,TRUE,manual,https://picsum.photos/seed/solstice-reed-diffuser-sea-salt-neroli/1200/1200,1,Solstice Reed Diffuser - Sea Salt Neroli product image,,FALSE,Solstice Reed Diffuser - Sea Salt Neroli | Southern Aura Studio,"Shop Solstice Reed Diffuser - Sea Salt Neroli, a beautifully designed reed diffuser with a soft, elevated aesthetic.",#D8EEF0; #4F9AA3; #F2FBFB,Home & Garden > Decor,,Adult,SA-011,Solstice Reed Diffuser,Sea Salt Neroli,New,FALSE,Generated Catalog,Reed Diffuser,,,
Solstice Reed Diffuser - White Tea,solstice-reed-diffuser-white-tea,Solstice Reed Diffuser - White Tea is a thoughtfully styled reed diffuser designed for modern homes. It pairs a refined palette with gift-ready presentation and everyday practicality.,Southern Aura Studio,Home & Garden > Decor,Reed Diffuser,"Solstice, Reed Diffuser, White Tea, Home Decor, Gift Idea",TRUE,Active,SA-012,8800000000012,Title,Default Title,,,,,,,,34.25,42.25,15.41,TRUE,,,,,,shopify,23,DENY,220,g,TRUE,manual,https://picsum.photos/seed/solstice-reed-diffuser-white-tea/1200/1200,1,Solstice Reed Diffuser - White Tea product image,,FALSE,Solstice Reed Diffuser - White Tea | Southern Aura Studio,"Shop Solstice Reed Diffuser - White Tea, a beautifully designed reed diffuser with a soft, elevated aesthetic.",#ECE8DC; #99896B; #FBFAF5,Home & Garden > Decor,,Adult,SA-012,Solstice Reed Diffuser,White Tea,New,FALSE,Generated Catalog,Reed Diffuser,,,
Solstice Reed Diffuser - Bergamot Moss,solstice-reed-diffuser-bergamot-moss,Solstice Reed Diffuser - Bergamot Moss is a thoughtfully styled reed diffuser designed for modern homes. It pairs a refined palette with gift-ready presentation and everyday practicality.,Southern Aura Studio,Home & Garden > Decor,Reed Diffuser,"Solstice, Reed Diffuser, Bergamot Moss, Home Decor, Gift Idea",TRUE,Active,SA-013,8800000000013,Title,Default Title,,,,,,,,37.50,45.50,16.88,TRUE,,,,,,shopify,26,DENY,265,g,TRUE,manual,https://picsum.photos/seed/solstice-reed-diffuser-bergamot-moss/1200/1200,1,Solstice Reed Diffuser - Bergamot Moss product image,,FALSE,Solstice Reed Diffuser - Bergamot Moss | Southern Aura Studio,"Shop Solstice Reed Diffuser - Bergamot Moss, a beautifully designed reed diffuser with a soft, elevated aesthetic.",#DDE5D4; #6A8358; #F7FAF4,Home & Garden > Decor,,Adult,SA-013,Solstice Reed Diffuser,Bergamot Moss,New,FALSE,Generated Catalog,Reed Diffuser,,,
Solstice Reed Diffuser - Peony Rain,solstice-reed-diffuser-peony-rain,Solstice Reed Diffuser - Peony Rain is a thoughtfully styled reed diffuser designed for modern homes. It pairs a refined palette with gift-ready presentation and everyday practicality.,Southern Aura Studio,Home & Garden > Decor,Reed Diffuser,"Solstice, Reed Diffuser, Peony Rain, Home Decor, Gift Idea",TRUE,Active,SA-014,8800000000014,Title,Default Title,,,,,,,,18.00,26.00,8.10,TRUE,,,,,,shopify,29,DENY,310,g,TRUE,manual,https://picsum.photos/seed/solstice-reed-diffuser-peony-rain/1200/1200,1,Solstice Reed Diffuser - Peony Rain product image,,FALSE,Solstice Reed Diffuser - Peony Rain | Southern Aura Studio,"Shop Solstice Reed Diffuser - Peony Rain, a beautifully designed reed diffuser with a soft, elevated aesthetic.",#F1DCE5; #B4748B; #FFF7FA,Home & Garden > Decor,,Adult,SA-014,Solstice Reed Diffuser,Peony Rain,New,FALSE,Generated Catalog,Reed Diffuser,,,
Solstice Reed Diffuser - Spiced Tonka,solstice-reed-diffuser-spiced-tonka,Solstice Reed Diffuser - Spiced Tonka is a thoughtfully styled reed diffuser designed for modern homes. It pairs a refined palette with gift-ready presentation and everyday practicality.,Southern Aura Studio,Home & Garden > Decor,Reed Diffuser,"Solstice, Reed Diffuser, Spiced Tonka, Home Decor, Gift Idea",TRUE,Active,SA-015,8800000000015,Title,Default Title,,,,,,,,21.25,29.25,9.56,TRUE,,,,,,shopify,32,DENY,355,g,TRUE,manual,https://picsum.photos/seed/solstice-reed-diffuser-spiced-tonka/1200/1200,1,Solstice Reed Diffuser - Spiced Tonka product image,,FALSE,Solstice Reed Diffuser - Spiced Tonka | Southern Aura Studio,"Shop Solstice Reed Diffuser - Spiced Tonka, a beautifully designed reed diffuser with a soft, elevated aesthetic.",#E7D5C7; #9E6C48; #FCF7F3,Home & Garden > Decor,,Adult,SA-015,Solstice Reed Diffuser,Spiced Tonka,New,FALSE,Generated Catalog,Reed Diffuser,,,
Luna Hand Wash - Mineral Water,luna-hand-wash-mineral-water,Luna Hand Wash - Mineral Water is a thoughtfully styled hand wash designed for modern homes. It pairs a refined palette with gift-ready presentation and everyday practicality.,Southern Aura Studio,Home & Garden > Decor,Hand Wash,"Luna, Hand Wash, Mineral Water, Home Decor, Gift Idea",TRUE,Active,SA-016,8800000000016,Title,Default Title,,,,,,,,24.50,32.50,11.03,TRUE,,,,,,shopify,35,DENY,400,g,TRUE,manual,https://picsum.photos/seed/luna-hand-wash-mineral-water/1200/1200,1,Luna Hand Wash - Mineral Water product image,,FALSE,Luna Hand Wash - Mineral Water | Southern Aura Studio,"Shop Luna Hand Wash - Mineral Water, a beautifully designed hand wash with a soft, elevated aesthetic.",#D9EBF3; #6A9EB5; #F5FBFD,Home & Garden > Decor,,Adult,SA-016,Luna Hand Wash,Mineral Water,New,FALSE,Generated Catalog,Hand Wash,,,
Luna Hand Wash - White Sage,luna-hand-wash-white-sage,Luna Hand Wash - White Sage is a thoughtfully styled hand wash designed for modern homes. It pairs a refined palette with gift-ready presentation and everyday practicality.,Southern Aura Studio,Home & Garden > Decor,Hand Wash,"Luna, Hand Wash, White Sage, Home Decor, Gift Idea",TRUE,Active,SA-017,8800000000017,Title,Default Title,,,,,,,,27.75,35.75,12.49,TRUE,,,,,,shopify,38,DENY,445,g,TRUE,manual,https://picsum.photos/seed/luna-hand-wash-white-sage/1200/1200,1,Luna Hand Wash - White Sage product image,,FALSE,Luna Hand Wash - White Sage | Southern Aura Studio,"Shop Luna Hand Wash - White Sage, a beautifully designed hand wash with a soft, elevated aesthetic.",#E2E8DE; #7C9674; #F7FAF6,Home & Garden > Decor,,Adult,SA-017,Luna Hand Wash,White Sage,New,FALSE,Generated Catalog,Hand Wash,,,
Luna Hand Wash - Blush Peony,luna-hand-wash-blush-peony,Luna Hand Wash - Blush Peony is a thoughtfully styled hand wash designed for modern homes. It pairs a refined palette with gift-ready presentation and everyday practicality.,Southern Aura Studio,Home & Garden > Decor,Hand Wash,"Luna, Hand Wash, Blush Peony, Home Decor, Gift Idea",TRUE,Active,SA-018,8800000000018,Title,Default Title,,,,,,,,31.00,39.00,13.95,TRUE,,,,,,shopify,41,DENY,220,g,TRUE,manual,https://picsum.photos/seed/luna-hand-wash-blush-peony/1200/1200,1,Luna Hand Wash - Blush Peony product image,,FALSE,Luna Hand Wash - Blush Peony | Southern Aura Studio,"Shop Luna Hand Wash - Blush Peony, a beautifully designed hand wash with a soft, elevated aesthetic.",#F3DDE3; #B87B89; #FFF7F8,Home & Garden > Decor,,Adult,SA-018,Luna Hand Wash,Blush Peony,New,FALSE,Generated Catalog,Hand Wash,,,
Luna Hand Wash - Green Mandarin,luna-hand-wash-green-mandarin,Luna Hand Wash - Green Mandarin is a thoughtfully styled hand wash designed for modern homes. It pairs a refined palette with gift-ready presentation and everyday practicality.,Southern Aura Studio,Home & Garden > Decor,Hand Wash,"Luna, Hand Wash, Green Mandarin, Home Decor, Gift Idea",TRUE,Active,SA-019,8800000000019,Title,Default Title,,,,,,,,34.25,42.25,15.41,TRUE,,,,,,shopify,44,DENY,265,g,TRUE,manual,https://picsum.photos/seed/luna-hand-wash-green-mandarin/1200/1200,1,Luna Hand Wash - Green Mandarin product image,,FALSE,Luna Hand Wash - Green Mandarin | Southern Aura Studio,"Shop Luna Hand Wash - Green Mandarin, a beautifully designed hand wash with a soft, elevated aesthetic.",#EEF0C9; #98A53C; #FBFDEE,Home & Garden > Decor,,Adult,SA-019,Luna Hand Wash,Green Mandarin,New,FALSE,Generated Catalog,Hand Wash,,,
Luna Hand Wash - Cashmere Oud,luna-hand-wash-cashmere-oud,Luna Hand Wash - Cashmere Oud is a thoughtfully styled hand wash designed for modern homes. It pairs a refined palette with gift-ready presentation and everyday practicality.,Southern Aura Studio,Home & Garden > Decor,Hand Wash,"Luna, Hand Wash, Cashmere Oud, Home Decor, Gift Idea",TRUE,Active,SA-020,8800000000020,Title,Default Title,,,,,,,,37.50,45.50,16.88,TRUE,,,,,,shopify,47,DENY,310,g,TRUE,manual,https://picsum.photos/seed/luna-hand-wash-cashmere-oud/1200/1200,1,Luna Hand Wash - Cashmere Oud product image,,FALSE,Luna Hand Wash - Cashmere Oud | Southern Aura Studio,"Shop Luna Hand Wash - Cashmere Oud, a beautifully designed hand wash with a soft, elevated aesthetic.",#E9DDD5; #9B7464; #FCF8F6,Home & Garden > Decor,,Adult,SA-020,Luna Hand Wash,Cashmere Oud,New,FALSE,Generated Catalog,Hand Wash,,,
Marina Throw Pillow - Harbor Blue,marina-throw-pillow-harbor-blue,Marina Throw Pillow - Harbor Blue is a thoughtfully styled throw pillow designed for modern homes. It pairs a refined palette with gift-ready presentation and everyday practicality.,Southern Aura Studio,Home & Garden > Decor,Throw Pillow,"Marina, Throw Pillow, Harbor Blue, Home Decor, Gift Idea",TRUE,Active,SA-021,8800000000021,Title,Default Title,,,,,,,,18.00,26.00,8.10,TRUE,,,,,,shopify,50,DENY,355,g,TRUE,manual,https://picsum.photos/seed/marina-throw-pillow-harbor-blue/1200/1200,1,Marina Throw Pillow - Harbor Blue product image,,FALSE,Marina Throw Pillow - Harbor Blue | Southern Aura Studio,"Shop Marina Throw Pillow - Harbor Blue, a beautifully designed throw pillow with a soft, elevated aesthetic.",#D7E7F3; #4E7FA7; #F5FAFD,Home & Garden > Decor,,Adult,SA-021,Marina Throw Pillow,Harbor Blue,New,FALSE,Generated Catalog,Throw Pillow,,,
Marina Throw Pillow - Terracotta Clay,marina-throw-pillow-terracotta-clay,Marina Throw Pillow - Terracotta Clay is a thoughtfully styled throw pillow designed for modern homes. It pairs a refined palette with gift-ready presentation and everyday practicality.,Southern Aura Studio,Home & Garden > Decor,Throw Pillow,"Marina, Throw Pillow, Terracotta Clay, Home Decor, Gift Idea",TRUE,Active,SA-022,8800000000022,Title,Default Title,,,,,,,,21.25,29.25,9.56,TRUE,,,,,,shopify,20,DENY,400,g,TRUE,manual,https://picsum.photos/seed/marina-throw-pillow-terracotta-clay/1200/1200,1,Marina Throw Pillow - Terracotta Clay product image,,FALSE,Marina Throw Pillow - Terracotta Clay | Southern Aura Studio,"Shop Marina Throw Pillow - Terracotta Clay, a beautifully designed throw pillow with a soft, elevated aesthetic.",#EED4C7; #B5694C; #FFF7F3,Home & Garden > Decor,,Adult,SA-022,Marina Throw Pillow,Terracotta Clay,New,FALSE,Generated Catalog,Throw Pillow,,,
Marina Throw Pillow - Olive Weave,marina-throw-pillow-olive-weave,Marina Throw Pillow - Olive Weave is a thoughtfully styled throw pillow designed for modern homes. It pairs a refined palette with gift-ready presentation and everyday practicality.,Southern Aura Studio,Home & Garden > Decor,Throw Pillow,"Marina, Throw Pillow, Olive Weave, Home Decor, Gift Idea",TRUE,Active,SA-023,8800000000023,Title,Default Title,,,,,,,,24.50,32.50,11.03,TRUE,,,,,,shopify,23,DENY,445,g,TRUE,manual,https://picsum.photos/seed/marina-throw-pillow-olive-weave/1200/1200,1,Marina Throw Pillow - Olive Weave product image,,FALSE,Marina Throw Pillow - Olive Weave | Southern Aura Studio,"Shop Marina Throw Pillow - Olive Weave, a beautifully designed throw pillow with a soft, elevated aesthetic.",#DDE3D6; #6F7E58; #F7FAF5,Home & Garden > Decor,,Adult,SA-023,Marina Throw Pillow,Olive Weave,New,FALSE,Generated Catalog,Throw Pillow,,,
Marina Throw Pillow - Sunset Coral,marina-throw-pillow-sunset-coral,Marina Throw Pillow - Sunset Coral is a thoughtfully styled throw pillow designed for modern homes. It pairs a refined palette with gift-ready presentation and everyday practicality.,Southern Aura Studio,Home & Garden > Decor,Throw Pillow,"Marina, Throw Pillow, Sunset Coral, Home Decor, Gift Idea",TRUE,Active,SA-024,8800000000024,Title,Default Title,,,,,,,,27.75,35.75,12.49,TRUE,,,,,,shopify,26,DENY,220,g,TRUE,manual,https://picsum.photos/seed/marina-throw-pillow-sunset-coral/1200/1200,1,Marina Throw Pillow - Sunset Coral product image,,FALSE,Marina Throw Pillow - Sunset Coral | Southern Aura Studio,"Shop Marina Throw Pillow - Sunset Coral, a beautifully designed throw pillow with a soft, elevated aesthetic.",#F6D7CE; #D97962; #FFF8F5,Home & Garden > Decor,,Adult,SA-024,Marina Throw Pillow,Sunset Coral,New,FALSE,Generated Catalog,Throw Pillow,,,
Marina Throw Pillow - Fog Linen,marina-throw-pillow-fog-linen,Marina Throw Pillow - Fog Linen is a thoughtfully styled throw pillow designed for modern homes. It pairs a refined palette with gift-ready presentation and everyday practicality.,Southern Aura Studio,Home & Garden > Decor,Throw Pillow,"Marina, Throw Pillow, Fog Linen, Home Decor, Gift Idea",TRUE,Active,SA-025,8800000000025,Title,Default Title,,,,,,,,31.00,39.00,13.95,TRUE,,,,,,shopify,29,DENY,265,g,TRUE,manual,https://picsum.photos/seed/marina-throw-pillow-fog-linen/1200/1200,1,Marina Throw Pillow - Fog Linen product image,,FALSE,Marina Throw Pillow - Fog Linen | Southern Aura Studio,"Shop Marina Throw Pillow - Fog Linen, a beautifully designed throw pillow with a soft, elevated aesthetic.",#EAE7E1; #A09A8F; #FDFCF9,Home & Garden > Decor,,Adult,SA-025,Marina Throw Pillow,Fog Linen,New,FALSE,Generated Catalog,Throw Pillow,,,
Atelier Mug - Cloud White,atelier-mug-cloud-white,Atelier Mug - Cloud White is a thoughtfully styled mug designed for modern homes. It pairs a refined palette with gift-ready presentation and everyday practicality.,Southern Aura Studio,Home & Garden > Decor,Mug,"Atelier, Mug, Cloud White, Home Decor, Gift Idea",TRUE,Active,SA-026,8800000000026,Title,Default Title,,,,,,,,34.25,42.25,15.41,TRUE,,,,,,shopify,32,DENY,310,g,TRUE,manual,https://picsum.photos/seed/atelier-mug-cloud-white/1200/1200,1,Atelier Mug - Cloud White product image,,FALSE,Atelier Mug - Cloud White | Southern Aura Studio,"Shop Atelier Mug - Cloud White, a beautifully designed mug with a soft, elevated aesthetic.",#F4F2EC; #B7B2A7; #FFFEFC,Home & Garden > Decor,,Adult,SA-026,Atelier Mug,Cloud White,New,FALSE,Generated Catalog,Mug,,,
Atelier Mug - Stone Blue,atelier-mug-stone-blue,Atelier Mug - Stone Blue is a thoughtfully styled mug designed for modern homes. It pairs a refined palette with gift-ready presentation and everyday practicality.,Southern Aura Studio,Home & Garden > Decor,Mug,"Atelier, Mug, Stone Blue, Home Decor, Gift Idea",TRUE,Active,SA-027,8800000000027,Title,Default Title,,,,,,,,37.50,45.50,16.88,TRUE,,,,,,shopify,35,DENY,355,g,TRUE,manual,https://picsum.photos/seed/atelier-mug-stone-blue/1200/1200,1,Atelier Mug - Stone Blue product image,,FALSE,Atelier Mug - Stone Blue | Southern Aura Studio,"Shop Atelier Mug - Stone Blue, a beautifully designed mug with a soft, elevated aesthetic.",#D8E2EC; #6D89A6; #F5F9FC,Home & Garden > Decor,,Adult,SA-027,Atelier Mug,Stone Blue,New,FALSE,Generated Catalog,Mug,,,
Atelier Mug - Dusty Rose,atelier-mug-dusty-rose,Atelier Mug - Dusty Rose is a thoughtfully styled mug designed for modern homes. It pairs a refined palette with gift-ready presentation and everyday practicality.,Southern Aura Studio,Home & Garden > Decor,Mug,"Atelier, Mug, Dusty Rose, Home Decor, Gift Idea",TRUE,Active,SA-028,8800000000028,Title,Default Title,,,,,,,,18.00,26.00,8.10,TRUE,,,,,,shopify,38,DENY,400,g,TRUE,manual,https://picsum.photos/seed/atelier-mug-dusty-rose/1200/1200,1,Atelier Mug - Dusty Rose product image,,FALSE,Atelier Mug - Dusty Rose | Southern Aura Studio,"Shop Atelier Mug - Dusty Rose, a beautifully designed mug with a soft, elevated aesthetic.",#EFDCE0; #B47A87; #FFF8F8,Home & Garden > Decor,,Adult,SA-028,Atelier Mug,Dusty Rose,New,FALSE,Generated Catalog,Mug,,,
Atelier Mug - Forest Clay,atelier-mug-forest-clay,Atelier Mug - Forest Clay is a thoughtfully styled mug designed for modern homes. It pairs a refined palette with gift-ready presentation and everyday practicality.,Southern Aura Studio,Home & Garden > Decor,Mug,"Atelier, Mug, Forest Clay, Home Decor, Gift Idea",TRUE,Active,SA-029,8800000000029,Title,Default Title,,,,,,,,21.25,29.25,9.56,TRUE,,,,,,shopify,41,DENY,445,g,TRUE,manual,https://picsum.photos/seed/atelier-mug-forest-clay/1200/1200,1,Atelier Mug - Forest Clay product image,,FALSE,Atelier Mug - Forest Clay | Southern Aura Studio,"Shop Atelier Mug - Forest Clay, a beautifully designed mug with a soft, elevated aesthetic.",#DCE2D7; #718163; #F7FAF5,Home & Garden > Decor,,Adult,SA-029,Atelier Mug,Forest Clay,New,FALSE,Generated Catalog,Mug,,,
Atelier Mug - Honey Sand,atelier-mug-honey-sand,Atelier Mug - Honey Sand is a thoughtfully styled mug designed for modern homes. It pairs a refined palette with gift-ready presentation and everyday practicality.,Southern Aura Studio,Home & Garden > Decor,Mug,"Atelier, Mug, Honey Sand, Home Decor, Gift Idea",TRUE,Active,SA-030,8800000000030,Title,Default Title,,,,,,,,24.50,32.50,11.03,TRUE,,,,,,shopify,44,DENY,220,g,TRUE,manual,https://picsum.photos/seed/atelier-mug-honey-sand/1200/1200,1,Atelier Mug - Honey Sand product image,,FALSE,Atelier Mug - Honey Sand | Southern Aura Studio,"Shop Atelier Mug - Honey Sand, a beautifully designed mug with a soft, elevated aesthetic.",#F5E5C6; #C69C59; #FFF9EF,Home & Garden > Decor,,Adult,SA-030,Atelier Mug,Honey Sand,New,FALSE,Generated Catalog,Mug,,,
Canvas Tote - Market Stripe,canvas-tote-market-stripe,Canvas Tote - Market Stripe is a thoughtfully styled tote designed for modern homes. It pairs a refined palette with gift-ready presentation and everyday practicality.,Southern Aura Studio,Home & Garden > Decor,Tote,"Canvas, Tote, Market Stripe, Home Decor, Gift Idea",TRUE,Active,SA-031,8800000000031,Title,Default Title,,,,,,,,27.75,35.75,12.49,TRUE,,,,,,shopify,47,DENY,265,g,TRUE,manual,https://picsum.photos/seed/canvas-tote-market-stripe/1200/1200,1,Canvas Tote - Market Stripe product image,,FALSE,Canvas Tote - Market Stripe | Southern Aura Studio,"Shop Canvas Tote - Market Stripe, a beautifully designed tote with a soft, elevated aesthetic.",#EFE9DE; #8E795B; #FCFBF7,Home & Garden > Decor,,Adult,SA-031,Canvas Tote,Market Stripe,New,FALSE,Generated Catalog,Tote,,,
Canvas Tote - Olive Shore,canvas-tote-olive-shore,Canvas Tote - Olive Shore is a thoughtfully styled tote designed for modern homes. It pairs a refined palette with gift-ready presentation and everyday practicality.,Southern Aura Studio,Home & Garden > Decor,Tote,"Canvas, Tote, Olive Shore, Home Decor, Gift Idea",TRUE,Active,SA-032,8800000000032,Title,Default Title,,,,,,,,31.00,39.00,13.95,TRUE,,,,,,shopify,50,DENY,310,g,TRUE,manual,https://picsum.photos/seed/canvas-tote-olive-shore/1200/1200,1,Canvas Tote - Olive Shore product image,,FALSE,Canvas Tote - Olive Shore | Southern Aura Studio,"Shop Canvas Tote - Olive Shore, a beautifully designed tote with a soft, elevated aesthetic.",#DDE3D8; #6B7D60; #F7FAF5,Home & Garden > Decor,,Adult,SA-032,Canvas Tote,Olive Shore,New,FALSE,Generated Catalog,Tote,,,
Canvas Tote - Berry Check,canvas-tote-berry-check,Canvas Tote - Berry Check is a thoughtfully styled tote designed for modern homes. It pairs a refined palette with gift-ready presentation and everyday practicality.,Southern Aura Studio,Home & Garden > Decor,Tote,"Canvas, Tote, Berry Check, Home Decor, Gift Idea",TRUE,Active,SA-033,8800000000033,Title,Default Title,,,,,,,,34.25,42.25,15.41,TRUE,,,,,,shopify,20,DENY,355,g,TRUE,manual,https://picsum.photos/seed/canvas-tote-berry-check/1200/1200,1,Canvas Tote - Berry Check product image,,FALSE,Canvas Tote - Berry Check | Southern Aura Studio,"Shop Canvas Tote - Berry Check, a beautifully designed tote with a soft, elevated aesthetic.",#F0D9DF; #A96375; #FFF8FA,Home & Garden > Decor,,Adult,SA-033,Canvas Tote,Berry Check,New,FALSE,Generated Catalog,Tote,,,
Canvas Tote - Sky Grid,canvas-tote-sky-grid,Canvas Tote - Sky Grid is a thoughtfully styled tote designed for modern homes. It pairs a refined palette with gift-ready presentation and everyday practicality.,Southern Aura Studio,Home & Garden > Decor,Tote,"Canvas, Tote, Sky Grid, Home Decor, Gift Idea",TRUE,Active,SA-034,8800000000034,Title,Default Title,,,,,,,,37.50,45.50,16.88,TRUE,,,,,,shopify,23,DENY,400,g,TRUE,manual,https://picsum.photos/seed/canvas-tote-sky-grid/1200/1200,1,Canvas Tote - Sky Grid product image,,FALSE,Canvas Tote - Sky Grid | Southern Aura Studio,"Shop Canvas Tote - Sky Grid, a beautifully designed tote with a soft, elevated aesthetic.",#DDEAF5; #6A90B0; #F7FBFD,Home & Garden > Decor,,Adult,SA-034,Canvas Tote,Sky Grid,New,FALSE,Generated Catalog,Tote,,,
Canvas Tote - Sun Wash,canvas-tote-sun-wash,Canvas Tote - Sun Wash is a thoughtfully styled tote designed for modern homes. It pairs a refined palette with gift-ready presentation and everyday practicality.,Southern Aura Studio,Home & Garden > Decor,Tote,"Canvas, Tote, Sun Wash, Home Decor, Gift Idea",TRUE,Active,SA-035,8800000000035,Title,Default Title,,,,,,,,18.00,26.00,8.10,TRUE,,,,,,shopify,26,DENY,445,g,TRUE,manual,https://picsum.photos/seed/canvas-tote-sun-wash/1200/1200,1,Canvas Tote - Sun Wash product image,,FALSE,Canvas Tote - Sun Wash | Southern Aura Studio,"Shop Canvas Tote - Sun Wash, a beautifully designed tote with a soft, elevated aesthetic.",#F7E1B8; #D19B38; #FFF9EE,Home & Garden > Decor,,Adult,SA-035,Canvas Tote,Sun Wash,New,FALSE,Generated Catalog,Tote,,,
Desk Journal - Moonstone Gray,desk-journal-moonstone-gray,Desk Journal - Moonstone Gray is a thoughtfully styled journal designed for modern homes. It pairs a refined palette with gift-ready presentation and everyday practicality.,Southern Aura Studio,Home & Garden > Decor,Journal,"Desk, Journal, Moonstone Gray, Home Decor, Gift Idea",TRUE,Active,SA-036,8800000000036,Title,Default Title,,,,,,,,21.25,29.25,9.56,TRUE,,,,,,shopify,29,DENY,220,g,TRUE,manual,https://picsum.photos/seed/desk-journal-moonstone-gray/1200/1200,1,Desk Journal - Moonstone Gray product image,,FALSE,Desk Journal - Moonstone Gray | Southern Aura Studio,"Shop Desk Journal - Moonstone Gray, a beautifully designed journal with a soft, elevated aesthetic.",#E6E5E3; #8D8A84; #FCFBFA,Home & Garden > Decor,,Adult,SA-036,Desk Journal,Moonstone Gray,New,FALSE,Generated Catalog,Journal,,,
Desk Journal - Botanical Green,desk-journal-botanical-green,Desk Journal - Botanical Green is a thoughtfully styled journal designed for modern homes. It pairs a refined palette with gift-ready presentation and everyday practicality.,Southern Aura Studio,Home & Garden > Decor,Journal,"Desk, Journal, Botanical Green, Home Decor, Gift Idea",TRUE,Active,SA-037,8800000000037,Title,Default Title,,,,,,,,24.50,32.50,11.03,TRUE,,,,,,shopify,32,DENY,265,g,TRUE,manual,https://picsum.photos/seed/desk-journal-botanical-green/1200/1200,1,Desk Journal - Botanical Green product image,,FALSE,Desk Journal - Botanical Green | Southern Aura Studio,"Shop Desk Journal - Botanical Green, a beautifully designed journal with a soft, elevated aesthetic.",#DDE6D9; #6D8662; #F7FAF6,Home & Garden > Decor,,Adult,SA-037,Desk Journal,Botanical Green,New,FALSE,Generated Catalog,Journal,,,
Desk Journal - Rose Dune,desk-journal-rose-dune,Desk Journal - Rose Dune is a thoughtfully styled journal designed for modern homes. It pairs a refined palette with gift-ready presentation and everyday practicality.,Southern Aura Studio,Home & Garden > Decor,Journal,"Desk, Journal, Rose Dune, Home Decor, Gift Idea",TRUE,Active,SA-038,8800000000038,Title,Default Title,,,,,,,,27.75,35.75,12.49,TRUE,,,,,,shopify,35,DENY,310,g,TRUE,manual,https://picsum.photos/seed/desk-journal-rose-dune/1200/1200,1,Desk Journal - Rose Dune product image,,FALSE,Desk Journal - Rose Dune | Southern Aura Studio,"Shop Desk Journal - Rose Dune, a beautifully designed journal with a soft, elevated aesthetic.",#EFDCE0; #B57B89; #FFF8F8,Home & Garden > Decor,,Adult,SA-038,Desk Journal,Rose Dune,New,FALSE,Generated Catalog,Journal,,,
Desk Journal - Ocean Ink,desk-journal-ocean-ink,Desk Journal - Ocean Ink is a thoughtfully styled journal designed for modern homes. It pairs a refined palette with gift-ready presentation and everyday practicality.,Southern Aura Studio,Home & Garden > Decor,Journal,"Desk, Journal, Ocean Ink, Home Decor, Gift Idea",TRUE,Active,SA-039,8800000000039,Title,Default Title,,,,,,,,31.00,39.00,13.95,TRUE,,,,,,shopify,38,DENY,355,g,TRUE,manual,https://picsum.photos/seed/desk-journal-ocean-ink/1200/1200,1,Desk Journal - Ocean Ink product image,,FALSE,Desk Journal - Ocean Ink | Southern Aura Studio,"Shop Desk Journal - Ocean Ink, a beautifully designed journal with a soft, elevated aesthetic.",#DAE6F0; #587D9A; #F5FAFD,Home & Garden > Decor,,Adult,SA-039,Desk Journal,Ocean Ink,New,FALSE,Generated Catalog,Journal,,,
Desk Journal - Golden Hour,desk-journal-golden-hour,Desk Journal - Golden Hour is a thoughtfully styled journal designed for modern homes. It pairs a refined palette with gift-ready presentation and everyday practicality.,Southern Aura Studio,Home & Garden > Decor,Journal,"Desk, Journal, Golden Hour, Home Decor, Gift Idea",TRUE,Active,SA-040,8800000000040,Title,Default Title,,,,,,,,34.25,42.25,15.41,TRUE,,,,,,shopify,41,DENY,400,g,TRUE,manual,https://picsum.photos/seed/desk-journal-golden-hour/1200/1200,1,Desk Journal - Golden Hour product image,,FALSE,Desk Journal - Golden Hour | Southern Aura Studio,"Shop Desk Journal - Golden Hour, a beautifully designed journal with a soft, elevated aesthetic.",#F6E4BE; #CC9E4C; #FFF9EF,Home & Garden > Decor,,Adult,SA-040,Desk Journal,Golden Hour,New,FALSE,Generated Catalog,Journal,,,
Meadow Soap Set - Fresh Basil,meadow-soap-set-fresh-basil,Meadow Soap Set - Fresh Basil is a thoughtfully styled soap set designed for modern homes. It pairs a refined palette with gift-ready presentation and everyday practicality.,Southern Aura Studio,Home & Garden > Decor,Soap Set,"Meadow, Soap Set, Fresh Basil, Home Decor, Gift Idea",TRUE,Active,SA-041,8800000000041,Title,Default Title,,,,,,,,37.50,45.50,16.88,TRUE,,,,,,shopify,44,DENY,445,g,TRUE,manual,https://picsum.photos/seed/meadow-soap-set-fresh-basil/1200/1200,1,Meadow Soap Set - Fresh Basil product image,,FALSE,Meadow Soap Set - Fresh Basil | Southern Aura Studio,"Shop Meadow Soap Set - Fresh Basil, a beautifully designed soap set with a soft, elevated aesthetic.",#DFE8D9; #729163; #F7FAF6,Home & Garden > Decor,,Adult,SA-041,Meadow Soap Set,Fresh Basil,New,FALSE,Generated Catalog,Soap Set,,,
Meadow Soap Set - Apricot Bloom,meadow-soap-set-apricot-bloom,Meadow Soap Set - Apricot Bloom is a thoughtfully styled soap set designed for modern homes. It pairs a refined palette with gift-ready presentation and everyday practicality.,Southern Aura Studio,Home & Garden > Decor,Soap Set,"Meadow, Soap Set, Apricot Bloom, Home Decor, Gift Idea",TRUE,Active,SA-042,8800000000042,Title,Default Title,,,,,,,,18.00,26.00,8.10,TRUE,,,,,,shopify,47,DENY,220,g,TRUE,manual,https://picsum.photos/seed/meadow-soap-set-apricot-bloom/1200/1200,1,Meadow Soap Set - Apricot Bloom product image,,FALSE,Meadow Soap Set - Apricot Bloom | Southern Aura Studio,"Shop Meadow Soap Set - Apricot Bloom, a beautifully designed soap set with a soft, elevated aesthetic.",#F6DFD4; #D58B6A; #FFF8F5,Home & Garden > Decor,,Adult,SA-042,Meadow Soap Set,Apricot Bloom,New,FALSE,Generated Catalog,Soap Set,,,
Meadow Soap Set - Pear Nectar,meadow-soap-set-pear-nectar,Meadow Soap Set - Pear Nectar is a thoughtfully styled soap set designed for modern homes. It pairs a refined palette with gift-ready presentation and everyday practicality.,Southern Aura Studio,Home & Garden > Decor,Soap Set,"Meadow, Soap Set, Pear Nectar, Home Decor, Gift Idea",TRUE,Active,SA-043,8800000000043,Title,Default Title,,,,,,,,21.25,29.25,9.56,TRUE,,,,,,shopify,50,DENY,265,g,TRUE,manual,https://picsum.photos/seed/meadow-soap-set-pear-nectar/1200/1200,1,Meadow Soap Set - Pear Nectar product image,,FALSE,Meadow Soap Set - Pear Nectar | Southern Aura Studio,"Shop Meadow Soap Set - Pear Nectar, a beautifully designed soap set with a soft, elevated aesthetic.",#EEF1D0; #A1AD54; #FBFDEE,Home & Garden > Decor,,Adult,SA-043,Meadow Soap Set,Pear Nectar,New,FALSE,Generated Catalog,Soap Set,,,
Meadow Soap Set - Blue Chamomile,meadow-soap-set-blue-chamomile,Meadow Soap Set - Blue Chamomile is a thoughtfully styled soap set designed for modern homes. It pairs a refined palette with gift-ready presentation and everyday practicality.,Southern Aura Studio,Home & Garden > Decor,Soap Set,"Meadow, Soap Set, Blue Chamomile, Home Decor, Gift Idea",TRUE,Active,SA-044,8800000000044,Title,Default Title,,,,,,,,24.50,32.50,11.03,TRUE,,,,,,shopify,20,DENY,310,g,TRUE,manual,https://picsum.photos/seed/meadow-soap-set-blue-chamomile/1200/1200,1,Meadow Soap Set - Blue Chamomile product image,,FALSE,Meadow Soap Set - Blue Chamomile | Southern Aura Studio,"Shop Meadow Soap Set - Blue Chamomile, a beautifully designed soap set with a soft, elevated aesthetic.",#DDE8F2; #6B90B6; #F6FBFD,Home & Garden > Decor,,Adult,SA-044,Meadow Soap Set,Blue Chamomile,New,FALSE,Generated Catalog,Soap Set,,,
Meadow Soap Set - Sandal Cream,meadow-soap-set-sandal-cream,Meadow Soap Set - Sandal Cream is a thoughtfully styled soap set designed for modern homes. It pairs a refined palette with gift-ready presentation and everyday practicality.,Southern Aura Studio,Home & Garden > Decor,Soap Set,"Meadow, Soap Set, Sandal Cream, Home Decor, Gift Idea",TRUE,Active,SA-045,8800000000045,Title,Default Title,,,,,,,,27.75,35.75,12.49,TRUE,,,,,,shopify,23,DENY,355,g,TRUE,manual,https://picsum.photos/seed/meadow-soap-set-sandal-cream/1200/1200,1,Meadow Soap Set - Sandal Cream product image,,FALSE,Meadow Soap Set - Sandal Cream | Southern Aura Studio,"Shop Meadow Soap Set - Sandal Cream, a beautifully designed soap set with a soft, elevated aesthetic.",#EFE4D5; #B49269; #FDF9F4,Home & Garden > Decor,,Adult,SA-045,Meadow Soap Set,Sandal Cream,New,FALSE,Generated Catalog,Soap Set,,,
Woven Table Runner - Drift Beige,woven-table-runner-drift-beige,Woven Table Runner - Drift Beige is a thoughtfully styled table runner designed for modern homes. It pairs a refined palette with gift-ready presentation and everyday practicality.,Southern Aura Studio,Home & Garden > Decor,Table Runner,"Woven, Table Runner, Drift Beige, Home Decor, Gift Idea",TRUE,Active,SA-046,8800000000046,Title,Default Title,,,,,,,,31.00,39.00,13.95,TRUE,,,,,,shopify,26,DENY,400,g,TRUE,manual,https://picsum.photos/seed/woven-table-runner-drift-beige/1200/1200,1,Woven Table Runner - Drift Beige product image,,FALSE,Woven Table Runner - Drift Beige | Southern Aura Studio,"Shop Woven Table Runner - Drift Beige, a beautifully designed table runner with a soft, elevated aesthetic.",#F0E7DB; #AA9472; #FCFAF7,Home & Garden > Decor,,Adult,SA-046,Woven Table Runner,Drift Beige,New,FALSE,Generated Catalog,Table Runner,,,
Woven Table Runner - Sea Glass,woven-table-runner-sea-glass,Woven Table Runner - Sea Glass is a thoughtfully styled table runner designed for modern homes. It pairs a refined palette with gift-ready presentation and everyday practicality.,Southern Aura Studio,Home & Garden > Decor,Table Runner,"Woven, Table Runner, Sea Glass, Home Decor, Gift Idea",TRUE,Active,SA-047,8800000000047,Title,Default Title,,,,,,,,34.25,42.25,15.41,TRUE,,,,,,shopify,29,DENY,445,g,TRUE,manual,https://picsum.photos/seed/woven-table-runner-sea-glass/1200/1200,1,Woven Table Runner - Sea Glass product image,,FALSE,Woven Table Runner - Sea Glass | Southern Aura Studio,"Shop Woven Table Runner - Sea Glass, a beautifully designed table runner with a soft, elevated aesthetic.",#D8ECEB; #649E9A; #F3FBFB,Home & Garden > Decor,,Adult,SA-047,Woven Table Runner,Sea Glass,New,FALSE,Generated Catalog,Table Runner,,,
Woven Table Runner - Ochre Line,woven-table-runner-ochre-line,Woven Table Runner - Ochre Line is a thoughtfully styled table runner designed for modern homes. It pairs a refined palette with gift-ready presentation and everyday practicality.,Southern Aura Studio,Home & Garden > Decor,Table Runner,"Woven, Table Runner, Ochre Line, Home Decor, Gift Idea",TRUE,Active,SA-048,8800000000048,Title,Default Title,,,,,,,,37.50,45.50,16.88,TRUE,,,,,,shopify,32,DENY,220,g,TRUE,manual,https://picsum.photos/seed/woven-table-runner-ochre-line/1200/1200,1,Woven Table Runner - Ochre Line product image,,FALSE,Woven Table Runner - Ochre Line | Southern Aura Studio,"Shop Woven Table Runner - Ochre Line, a beautifully designed table runner with a soft, elevated aesthetic.",#F4E0B9; #C58E36; #FFF9EE,Home & Garden > Decor,,Adult,SA-048,Woven Table Runner,Ochre Line,New,FALSE,Generated Catalog,Table Runner,,,
Woven Table Runner - Fern Stripe,woven-table-runner-fern-stripe,Woven Table Runner - Fern Stripe is a thoughtfully styled table runner designed for modern homes. It pairs a refined palette with gift-ready presentation and everyday practicality.,Southern Aura Studio,Home & Garden > Decor,Table Runner,"Woven, Table Runner, Fern Stripe, Home Decor, Gift Idea",TRUE,Active,SA-049,8800000000049,Title,Default Title,,,,,,,,18.00,26.00,8.10,TRUE,,,,,,shopify,35,DENY,265,g,TRUE,manual,https://picsum.photos/seed/woven-table-runner-fern-stripe/1200/1200,1,Woven Table Runner - Fern Stripe product image,,FALSE,Woven Table Runner - Fern Stripe | Southern Aura Studio,"Shop Woven Table Runner - Fern Stripe, a beautifully designed table runner with a soft, elevated aesthetic.",#DCE5D8; #6B825C; #F7FAF5,Home & Garden > Decor,,Adult,SA-049,Woven Table Runner,Fern Stripe,New,FALSE,Generated Catalog,Table Runner,,,
Woven Table Runner - Clay Rose,woven-table-runner-clay-rose,Woven Table Runner - Clay Rose is a thoughtfully styled table runner designed for modern homes. It pairs a refined palette with gift-ready presentation and everyday practicality.,Southern Aura Studio,Home & Garden > Decor,Table Runner,"Woven, Table Runner, Clay Rose, Home Decor, Gift Idea",TRUE,Active,SA-050,8800000000050,Title,Default Title,,,,,,,,21.25,29.25,9.56,TRUE,,,,,,shopify,38,DENY,310,g,TRUE,manual,https://picsum.photos/seed/woven-table-runner-clay-rose/1200/1200,1,Woven Table Runner - Clay Rose product image,,FALSE,Woven Table Runner - Clay Rose | Southern Aura Studio,"Shop Woven Table Runner - Clay Rose, a beautifully designed table runner with a soft, elevated aesthetic.",#F2DDD9; #B97972; #FFF8F7,Home & Garden > Decor,,Adult,SA-050,Woven Table Runner,Clay Rose,New,FALSE,Generated Catalog,Table Runner,,,
